,Phe,Leu,Ile,Met,Val,Ser,Pro,Thr,Ala,Tyr,His,Gln,Asn,Lys,Asp,Glu,Cys,Trp,Arg,Gly
Phe,0,0.24,0.34,0.44,0.3,1.34,1.74,1.06,0.6,0.32,1.08,1.38,1.8,1.5,1.98,1.58,0.68,0.5,1.32,1.22
Leu,0.24,0,0.2,0.3,0.18,1.3,1.8,1.04,0.52,0.42,1.06,1.18,1.66,1.34,1.98,1.46,0.7,0.54,1.12,1.24
Ile,0.34,0.2,0,0.44,0.24,1.62,2.08,1.3,0.7,0.58,1.32,1.52,2.08,1.58,2.32,1.76,0.86,0.7,1.46,1.56
Met,0.44,0.3,0.44,0,0.32,1.14,1.7,0.9,0.46,0.52,1,1.02,1.5,1.2,1.64,1.28,0.96,0.62,1,1.12
Val,0.3,0.18,0.24,0.32,0,1.18,1.62,0.88,0.44,0.44,1.04,1.06,1.54,1.2,1.8,1.34,0.74,0.58,1.02,1.1
Ser,1.34,1.3,1.62,1.14,1.18,0,0.96,0.26,0.42,0.86,0.46,0.32,0.28,0.42,0.34,0.4,1.28,1.22,0.42,0.3
Pro,1.74,1.8,2.08,1.7,1.62,0.96,0,0.98,1.26,1.54,1.1,1.2,1.34,1.34,1.12,1.12,1.62,1.64,1.18,1.04
Thr,1.06,1.04,1.3,0.9,0.88,0.26,0.98,0,0.34,0.7,0.48,0.42,0.44,0.5,0.52,0.5,1.26,1.06,0.44,0.4
Ala,0.6,0.52,0.7,0.46,0.44,0.42,1.26,0.34,0,0.46,0.52,0.38,0.66,0.56,0.78,0.54,0.9,0.7,0.42,0.5
Tyr,0.32,0.42,0.58,0.52,0.44,0.86,1.54,0.7,0.46,0,0.68,0.94,1.28,1.08,1.42,1.1,0.88,0.48,0.94,0.94
His,1.08,1.06,1.32,1,1.04,0.46,1.1,0.48,0.52,0.68,0,0.56,0.66,0.76,0.7,0.68,1.1,1.14,0.56,0.52
Gln,1.38,1.18,1.52,1.02,1.06,0.32,1.2,0.42,0.38,0.94,0.56,0,0.34,0.38,0.42,0.28,1.4,1.16,0.26,0.56
Asn,1.8,1.66,2.08,1.5,1.54,0.28,1.34,0.44,0.66,1.28,0.66,0.34,0,0.44,0.32,0.44,1.64,1.74,0.44,0.52
Lys,1.5,1.34,1.58,1.2,1.2,0.42,1.34,0.5,0.56,1.08,0.76,0.38,0.44,0,0.54,0.46,1.6,1.42,0.26,0.76
Asp,1.98,1.98,2.32,1.64,1.8,0.34,1.12,0.52,0.78,1.42,0.7,0.42,0.32,0.54,0,0.28,2.02,1.84,0.56,0.64
Glu,1.58,1.46,1.76,1.28,1.34,0.4,1.12,0.5,0.54,1.1,0.68,0.28,0.44,0.46,0.28,0,1.64,1.44,0.48,0.72
Cys,0.68,0.7,0.86,0.96,0.74,1.28,1.62,1.26,0.9,0.88,1.1,1.4,1.64,1.6,2.02,1.64,0,0.98,1.38,1.14
Trp,0.5,0.54,0.7,0.62,0.58,1.22,1.64,1.06,0.7,0.48,1.14,1.16,1.74,1.42,1.84,1.44,0.98,0,1.2,1.28
Arg,1.32,1.12,1.46,1,1.02,0.42,1.18,0.44,0.42,0.94,0.56,0.26,0.44,0.26,0.56,0.48,1.38,1.2,0,0.6
Gly,1.22,1.24,1.56,1.12,1.1,0.3,1.04,0.4,0.5,0.94,0.52,0.56,0.52,0.76,0.64,0.72,1.14,1.28,0.6,0
